31.472521094454063

31.472521094454063

32.313927971137176

32.313927971137176

32.313927971137176

32.313927971137176

32.313927971137176

32.313927971137176

32.313927971137176

32.313927971137176

32.313927971137176

32.313927971137176

32.313927971137176

32.313927971137176

32.313927971137176

32.313927971137176

32.313927971137176

32.313927971137176

32.313927971137176

32.313927971137176

32.313927971137176

32.313927971137176

32.313927971137176

32.313927971137176

32.313927971137176

32.313927971137176

32.313927971137176

32.313927971137176

32.313927971137176

32.313927971137176

32.313927971137176

32.313927971137176

32.313927971137176

32.313927971137176

32.313927971137176

32.313927971137176

32.313927971137176

32.313927971137176

32.313927971137176

32.313927971137176

32.313927971137176

32.313927971137176

32.313927971137176

32.313927971137176

32.313927971137176

32.313927971137176

32.313927971137176

32.313927971137176

32.313927971137176

32.313927971137176

32.313927971137176

