Seleccion Ruleta. NUM_ITER: 0
0.0  28.867219546821353
0.0  23.364100236289982
0.0  16.301327018350257
0.0  12.069481509149824
0.0  18.039649606380962
0.0  12.624643862510135
0.0  22.008179989563143
0.0  13.224289100548518
0.0  28.331957008259174
0.0  31.4111189546729
0.0  28.555835235912376
0.0  18.344624890613918
0.0  21.16410968178269
0.0  11.394884824801563
0.0  19.750752415387538
0.0  10.465710644355081
0.0  25.174766570600518
0.0  14.251798705860825
0.0  26.917858522151967
0.0  17.12666056729165
0.0  20.821990841889452
0.0  28.60528545955673
0.0  12.173531797266273
0.0  31.472521094454063
0.0  23.70642560378063
0.0  27.150120055543237
0.0  29.613962674169265
0.0  25.44957746956068
0.0  18.66631152376893
0.0  14.978403629231721


Seleccion Ruleta. NUM_ITER: 0
0.0  16.141127369805602
0.0  30.943932515617654
0.0  32.313927971137176
0.0  16.141127369805602
0.0  12.069481509149824
0.0  32.313927971137176
0.0  16.435902209052962
0.0  16.141127369805602
0.0  32.313927971137176
0.0  16.141127369805602
0.0  32.313927971137176
0.0  16.141127369805602
0.0  32.313927971137176
0.0  25.44957746956068
0.0  16.141127369805602
0.0  32.313927971137176
0.0  16.141127369805602
0.0  32.313927971137176
0.0  16.141127369805602
0.0  32.313927971137176
0.0  16.141127369805602
0.0  24.012433367556593
0.0  29.053373195767087
0.0  19.884610922706216
0.0  29.053373195767087
0.0  32.313927971137176
0.0  17.12666056729165
0.0  21.16410968178269
0.0  16.141127369805602
0.0  32.313927971137176


Seleccion Ruleta. NUM_ITER: 1
0.0  22.310026571972312
0.0  16.13550724260584
0.0  22.310026571972312
0.0  16.141127369805602
0.0  22.310026571972312
0.0  22.310026571972312
0.0  22.310026571972312
0.0  22.310026571972312
0.0  16.13550724260584
0.0  16.141127369805602
0.0  16.13550724260584
0.0  22.310026571972312
0.0  22.310026571972312
0.0  22.310026571972312
0.0  22.310026571972312
0.0  22.310026571972312
0.0  22.310026571972312
0.0  22.310026571972312
0.0  16.141127369805602
0.0  22.310026571972312
0.0  16.13550724260584
0.0  16.141127369805602
0.0  22.310026571972312
0.0  22.310026571972312
0.0  22.310026571972312
0.0  16.13550724260584
0.0  22.310026571972312
0.0  16.141127369805602
0.0  22.310026571972312
0.0  22.310026571972312


Seleccion Ruleta. NUM_ITER: 2
0.0  29.99288382449626
0.0  24.537928154536107
0.0  26.474416547295913
0.0  29.99288382449626
0.0  24.537928154536107
0.0  29.99288382449626
0.0  24.537928154536107
0.0  26.474416547295913
0.0  29.99288382449626
0.0  24.537928154536107
0.0  29.99288382449626
0.0  26.474416547295913
0.0  26.474416547295913
0.0  26.474416547295913
0.0  26.474416547295913
0.0  24.537928154536107
0.0  26.474416547295913
0.0  26.474416547295913
0.0  29.99288382449626
0.0  26.474416547295913
0.0  26.474416547295913
0.0  26.474416547295913
0.0  24.537928154536107
0.0  29.99288382449626
0.0  26.474416547295913
0.0  24.537928154536107
0.0  29.99288382449626
0.0  24.537928154536107
0.0  26.474416547295913
0.0  26.474416547295913


Seleccion Ruleta. NUM_ITER: 3
0.0  30.061975590183877
0.0  28.34263967095872
0.0  29.99288382449626
0.0  30.061975590183877
0.0  28.34263967095872
0.0  29.99288382449626
0.0  28.34263967095872
0.0  29.99288382449626
0.0  30.061975590183877
0.0  28.34263967095872
0.0  29.99288382449626
0.0  30.061975590183877
0.0  30.061975590183877
0.0  28.34263967095872
0.0  30.061975590183877
0.0  30.061975590183877
0.0  29.99288382449626
0.0  30.061975590183877
0.0  28.34263967095872
0.0  30.061975590183877
0.0  30.061975590183877
0.0  29.99288382449626
0.0  28.34263967095872
0.0  30.061975590183877
0.0  29.99288382449626
0.0  28.34263967095872
0.0  30.061975590183877
0.0  29.99288382449626
0.0  30.061975590183877
0.0  30.061975590183877


Seleccion Ruleta. NUM_ITER: 4
0.0  30.061975590183877
0.0  29.545248824494358
0.0  30.061975590183877
0.0  29.545248824494358
0.0  29.545248824494358
0.0  29.545248824494358
0.0  30.061975590183877
0.0  29.545248824494358
0.0  29.545248824494358
0.0  29.545248824494358
0.0  29.545248824494358
0.0  29.545248824494358
0.0  29.545248824494358
0.0  30.061975590183877
0.0  30.061975590183877
0.0  29.545248824494358
0.0  30.061975590183877
0.0  30.061975590183877
0.0  29.545248824494358
0.0  29.545248824494358
0.0  29.545248824494358
0.0  29.545248824494358
0.0  30.061975590183877
0.0  29.545248824494358
0.0  30.061975590183877
0.0  29.545248824494358
0.0  29.545248824494358
0.0  30.061975590183877
0.0  29.545248824494358
0.0  29.545248824494358


Seleccion Ruleta. NUM_ITER: 5
0.0  30.061975590183877
0.0  14.413492311497818
0.0  30.061975590183877
0.0  14.413492311497818
0.0  30.061975590183877
0.0  14.741552247635804
0.0  14.413492311497818
0.0  14.741552247635804
0.0  14.741552247635804
0.0  14.741552247635804
0.0  14.741552247635804
0.0  14.741552247635804
0.0  14.741552247635804
0.0  14.741552247635804
0.0  14.741552247635804
0.0  14.741552247635804
0.0  30.061975590183877
0.0  14.741552247635804
0.0  14.741552247635804
0.0  14.741552247635804
0.0  14.741552247635804
0.0  14.741552247635804
0.0  14.413492311497818
0.0  30.061975590183877
0.0  14.741552247635804
0.0  14.741552247635804
0.0  14.413492311497818
0.0  30.061975590183877
0.0  14.413492311497818
0.0  14.741552247635804


Seleccion Ruleta. NUM_ITER: 6
0.0  25.135032657339085
0.0  25.135032657339085
0.0  21.809935916850968
0.0  25.135032657339085
0.0  25.135032657339085
0.0  25.135032657339085
0.0  25.135032657339085
0.0  25.135032657339085
0.0  30.069799780812414
0.0  25.135032657339085
0.0  25.135032657339085
0.0  25.135032657339085
0.0  25.135032657339085
0.0  25.135032657339085
0.0  25.135032657339085
0.0  25.135032657339085
0.0  21.809935916850968
0.0  25.135032657339085
0.0  25.135032657339085
0.0  25.135032657339085
0.0  25.135032657339085
0.0  25.135032657339085
0.0  30.069799780812414
0.0  25.135032657339085
0.0  25.135032657339085
0.0  25.135032657339085
0.0  25.135032657339085
0.0  25.135032657339085
0.0  25.135032657339085
0.0  25.135032657339085


Seleccion Ruleta. NUM_ITER: 7
0.0  25.151369756244833
0.0  16.137883047518393
0.0  16.137883047518393
0.0  16.137883047518393
0.0  16.137883047518393
0.0  16.137883047518393
0.0  25.135032657339085
0.0  16.137883047518393
0.0  16.137883047518393
0.0  16.137883047518393
0.0  16.137883047518393
0.0  25.151369756244833
0.0  25.135032657339085
0.0  16.137883047518393
0.0  25.151369756244833
0.0  16.137883047518393
0.0  16.137883047518393
0.0  25.135032657339085
0.0  16.137883047518393
0.0  16.137883047518393
0.0  25.151369756244833
0.0  16.137883047518393
0.0  16.137883047518393
0.0  16.137883047518393
0.0  25.135032657339085
0.0  16.137883047518393
0.0  16.137883047518393
0.0  25.151369756244833
0.0  16.137883047518393
0.0  25.135032657339085


Seleccion Ruleta. NUM_ITER: 8
0.0  29.092510993068597
0.0  25.151369756244833
0.0  25.151369756244833
0.0  25.151369756244833
0.0  29.092510993068597
0.0  29.092510993068597
0.0  29.092510993068597
0.0  29.092510993068597
0.0  25.151369756244833
0.0  25.151369756244833
0.0  29.092510993068597
0.0  25.151369756244833
0.0  29.092510993068597
0.0  29.092510993068597
0.0  25.151369756244833
0.0  29.092510993068597
0.0  25.151369756244833
0.0  29.092510993068597
0.0  29.092510993068597
0.0  25.151369756244833
0.0  29.092510993068597
0.0  25.151369756244833
0.0  29.092510993068597
0.0  29.092510993068597
0.0  25.151369756244833
0.0  29.092510993068597
0.0  29.092510993068597
0.0  25.151369756244833
0.0  29.092510993068597
0.0  29.092510993068597


Seleccion Ruleta. NUM_ITER: 9
0.0  28.530443650125324
0.0  28.530443650125324
0.0  28.530443650125324
0.0  28.530443650125324
0.0  28.530443650125324
0.0  29.092510993068597
0.0  29.092510993068597
0.0  29.092510993068597
0.0  29.092510993068597
0.0  28.530443650125324
0.0  28.530443650125324
0.0  28.530443650125324
0.0  29.092510993068597
0.0  28.530443650125324
0.0  28.530443650125324
0.0  28.530443650125324
0.0  28.530443650125324
0.0  28.530443650125324
0.0  28.530443650125324
0.0  29.092510993068597
0.0  28.530443650125324
0.0  28.530443650125324
0.0  29.092510993068597
0.0  28.530443650125324
0.0  28.530443650125324
0.0  28.530443650125324
0.0  28.530443650125324
0.0  29.092510993068597
0.0  28.530443650125324
0.0  28.530443650125324


Seleccion Ruleta. NUM_ITER: 10
0.0  32.120492793926644
0.0  30.489149533103703
0.0  26.16470368582395
0.0  32.120492793926644
0.0  26.16470368582395
0.0  32.120492793926644
0.0  30.489149533103703
0.0  26.16470368582395
0.0  30.489149533103703
0.0  32.120492793926644
0.0  30.489149533103703
0.0  26.16470368582395
0.0  30.489149533103703
0.0  30.489149533103703
0.0  32.120492793926644
0.0  30.489149533103703
0.0  26.16470368582395
0.0  30.489149533103703
0.0  32.120492793926644
0.0  30.489149533103703
0.0  26.16470368582395
0.0  30.489149533103703
0.0  30.489149533103703
0.0  32.120492793926644
0.0  30.489149533103703
0.0  30.489149533103703
0.0  30.489149533103703
0.0  30.489149533103703
0.0  26.16470368582395
0.0  30.489149533103703


Seleccion Ruleta. NUM_ITER: 11
0.0  13.886984725301396
0.0  27.747462517928078
0.0  30.489149533103703
0.0  30.45700763568604
0.0  30.489149533103703
0.0  30.45700763568604
0.0  30.489149533103703
0.0  30.45700763568604
0.0  30.489149533103703
0.0  30.45700763568604
0.0  13.886984725301396
0.0  30.489149533103703
0.0  13.886984725301396
0.0  27.747462517928078
0.0  13.886984725301396
0.0  30.45700763568604
0.0  13.886984725301396
0.0  30.489149533103703
0.0  30.45700763568604
0.0  13.886984725301396
0.0  13.886984725301396
0.0  30.489149533103703
0.0  13.886984725301396
0.0  13.886984725301396
0.0  30.45700763568604
0.0  27.747462517928078
0.0  13.886984725301396
0.0  27.747462517928078
0.0  13.886984725301396
0.0  13.886984725301396


Seleccion Ruleta. NUM_ITER: 12
0.0  14.096946585445455
0.0  14.096946585445455
0.0  14.06298420554021
0.0  14.096946585445455
0.0  14.096946585445455
0.0  13.89454079196722
0.0  14.096946585445455
0.0  14.096946585445455
0.0  14.096946585445455
0.0  14.096946585445455
0.0  14.096946585445455
0.0  14.096946585445455
0.0  14.096946585445455
0.0  14.096946585445455
0.0  14.096946585445455
0.0  14.06298420554021
0.0  14.096946585445455
0.0  13.89454079196722
0.0  14.096946585445455
0.0  14.06298420554021
0.0  14.096946585445455
0.0  13.89454079196722
0.0  14.096946585445455
0.0  14.06298420554021
0.0  13.89454079196722
0.0  14.096946585445455
0.0  14.06298420554021
0.0  13.89454079196722
0.0  14.096946585445455
0.0  14.096946585445455


Seleccion Ruleta. NUM_ITER: 13
0.0  13.962870291219035
0.0  13.962870291219035
0.0  14.089350214180005
0.0  13.962870291219035
0.0  14.112223450908914
0.0  13.962870291219035
0.0  14.089350214180005
0.0  13.962870291219035
0.0  13.962870291219035
0.0  13.962870291219035
0.0  14.112223450908914
0.0  14.089350214180005
0.0  13.962870291219035
0.0  13.962870291219035
0.0  13.962870291219035
0.0  13.962870291219035
0.0  13.962870291219035
0.0  13.962870291219035
0.0  14.112223450908914
0.0  13.962870291219035
0.0  14.089350214180005
0.0  14.112223450908914
0.0  13.962870291219035
0.0  13.962870291219035
0.0  13.962870291219035
0.0  13.962870291219035
0.0  13.962870291219035
0.0  13.962870291219035
0.0  13.962870291219035
0.0  13.962870291219035


Seleccion Ruleta. NUM_ITER: 14
0.0  14.376004156251456
0.0  14.376004156251456
0.0  14.376004156251456
0.0  14.376004156251456
0.0  13.95524932888716
0.0  20.77325900357623
0.0  14.376004156251456
0.0  14.376004156251456
0.0  14.376004156251456
0.0  13.95524932888716
0.0  20.77325900357623
0.0  14.376004156251456
0.0  14.376004156251456
0.0  13.95524932888716
0.0  14.376004156251456
0.0  14.376004156251456
0.0  20.77325900357623
0.0  14.376004156251456
0.0  13.95524932888716
0.0  14.376004156251456
0.0  14.376004156251456
0.0  20.77325900357623
0.0  14.376004156251456
0.0  13.95524932888716
0.0  14.376004156251456
0.0  14.376004156251456
0.0  20.77325900357623
0.0  14.376004156251456
0.0  13.95524932888716
0.0  20.77325900357623


Seleccion Ruleta. NUM_ITER: 15
0.0  14.354686158659483
0.0  14.354686158659483
0.0  14.354686158659483
0.0  14.354686158659483
0.0  14.354686158659483
0.0  14.354686158659483
0.0  14.354686158659483
0.0  22.42629417236415
0.0  14.376004156251456
0.0  22.42629417236415
0.0  14.354686158659483
0.0  14.376004156251456
0.0  22.42629417236415
0.0  14.354686158659483
0.0  14.376004156251456
0.0  22.42629417236415
0.0  14.376004156251456
0.0  14.354686158659483
0.0  22.42629417236415
0.0  14.354686158659483
0.0  14.354686158659483
0.0  14.354686158659483
0.0  14.376004156251456
0.0  14.354686158659483
0.0  14.354686158659483
0.0  14.354686158659483
0.0  14.354686158659483
0.0  22.42629417236415
0.0  14.376004156251456
0.0  14.354686158659483


Seleccion Ruleta. NUM_ITER: 16
0.0  27.94523253609922
0.0  17.321011210426043
0.0  27.94523253609922
0.0  14.354686158659483
0.0  27.94523253609922
0.0  17.321011210426043
0.0  14.354686158659483
0.0  27.94523253609922
0.0  17.321011210426043
0.0  27.94523253609922
0.0  14.354686158659483
0.0  27.94523253609922
0.0  27.94523253609922
0.0  27.94523253609922
0.0  27.94523253609922
0.0  27.94523253609922
0.0  27.94523253609922
0.0  17.321011210426043
0.0  14.354686158659483
0.0  27.94523253609922
0.0  17.321011210426043
0.0  14.354686158659483
0.0  17.321011210426043
0.0  14.354686158659483
0.0  27.94523253609922
0.0  27.94523253609922
0.0  17.321011210426043
0.0  14.354686158659483
0.0  27.94523253609922
0.0  27.94523253609922


Seleccion Ruleta. NUM_ITER: 17
0.0  27.95913629218453
0.0  23.734727281240893
0.0  27.95913629218453
0.0  28.01450409261998
0.0  28.01450409261998
0.0  23.734727281240893
0.0  28.01450409261998
0.0  28.01450409261998
0.0  27.95913629218453
0.0  28.01450409261998
0.0  28.01450409261998
0.0  28.01450409261998
0.0  28.01450409261998
0.0  28.01450409261998
0.0  28.01450409261998
0.0  23.734727281240893
0.0  27.95913629218453
0.0  28.01450409261998
0.0  23.734727281240893
0.0  27.95913629218453
0.0  23.734727281240893
0.0  28.01450409261998
0.0  28.01450409261998
0.0  27.95913629218453
0.0  23.734727281240893
0.0  28.01450409261998
0.0  28.01450409261998
0.0  27.95913629218453
0.0  28.01450409261998
0.0  23.734727281240893


Seleccion Ruleta. NUM_ITER: 18
0.0  27.95913629218453
0.0  26.03743904965258
0.0  26.03743904965258
0.0  26.03743904965258
0.0  26.03743904965258
0.0  27.94523253609922
0.0  26.03743904965258
0.0  27.95913629218453
0.0  26.03743904965258
0.0  26.03743904965258
0.0  26.03743904965258
0.0  27.94523253609922
0.0  26.03743904965258
0.0  26.03743904965258
0.0  27.95913629218453
0.0  27.94523253609922
0.0  27.95913629218453
0.0  26.03743904965258
0.0  26.03743904965258
0.0  26.03743904965258
0.0  26.03743904965258
0.0  27.94523253609922
0.0  26.03743904965258
0.0  27.95913629218453
0.0  26.03743904965258
0.0  26.03743904965258
0.0  26.03743904965258
0.0  26.03743904965258
0.0  27.94523253609922
0.0  26.03743904965258


Seleccion Ruleta. NUM_ITER: 19
0.0  30.313483689143396
0.0  30.116718522411194
0.0  30.313483689143396
0.0  30.313483689143396
0.0  30.313483689143396
0.0  13.287033155295376
0.0  30.313483689143396
0.0  30.116718522411194
0.0  13.287033155295376
0.0  30.116718522411194
0.0  30.313483689143396
0.0  13.287033155295376
0.0  30.313483689143396
0.0  30.313483689143396
0.0  30.116718522411194
0.0  13.287033155295376
0.0  30.116718522411194
0.0  30.313483689143396
0.0  30.313483689143396
0.0  30.313483689143396
0.0  30.313483689143396
0.0  13.287033155295376
0.0  30.313483689143396
0.0  30.313483689143396
0.0  30.313483689143396
0.0  30.116718522411194
0.0  30.313483689143396
0.0  30.313483689143396
0.0  30.313483689143396
0.0  13.287033155295376


Seleccion Ruleta. NUM_ITER: 20
0.0  24.851645759676714
0.0  24.851645759676714
0.0  23.820528074411097
0.0  24.851645759676714
0.0  24.851645759676714
0.0  20.621971031023854
0.0  24.851645759676714
0.0  23.820528074411097
0.0  24.851645759676714
0.0  24.851645759676714
0.0  24.851645759676714
0.0  24.851645759676714
0.0  20.621971031023854
0.0  24.851645759676714
0.0  24.851645759676714
0.0  23.820528074411097
0.0  20.621971031023854
0.0  24.851645759676714
0.0  23.820528074411097
0.0  24.851645759676714
0.0  20.621971031023854
0.0  24.851645759676714
0.0  23.820528074411097
0.0  24.851645759676714
0.0  24.851645759676714
0.0  20.621971031023854
0.0  24.851645759676714
0.0  23.820528074411097
0.0  20.621971031023854
0.0  24.851645759676714


Seleccion Ruleta. NUM_ITER: 21
0.0  18.157292352332533
0.0  18.157292352332533
0.0  30.90874373130783
0.0  30.90874373130783
0.0  18.157292352332533
0.0  30.90874373130783
0.0  18.157292352332533
0.0  18.157292352332533
0.0  18.157292352332533
0.0  30.90874373130783
0.0  18.157292352332533
0.0  30.90874373130783
0.0  30.90874373130783
0.0  30.90874373130783
0.0  30.90874373130783
0.0  18.157292352332533
0.0  30.90874373130783
0.0  30.90874373130783
0.0  18.157292352332533
0.0  18.157292352332533
0.0  30.90874373130783
0.0  30.90874373130783
0.0  30.90874373130783
0.0  18.157292352332533
0.0  30.90874373130783
0.0  30.90874373130783
0.0  30.90874373130783
0.0  30.90874373130783
0.0  30.90874373130783
0.0  18.157292352332533


Seleccion Ruleta. NUM_ITER: 22
0.0  16.764857805966127
0.0  24.851645759676714
0.0  18.157292352332533
0.0  24.851645759676714
0.0  18.157292352332533
0.0  16.764857805966127
0.0  24.851645759676714
0.0  18.157292352332533
0.0  24.851645759676714
0.0  16.764857805966127
0.0  16.764857805966127
0.0  16.764857805966127
0.0  16.764857805966127
0.0  16.764857805966127
0.0  18.157292352332533
0.0  24.851645759676714
0.0  18.157292352332533
0.0  16.764857805966127
0.0  24.851645759676714
0.0  16.764857805966127
0.0  16.764857805966127
0.0  16.764857805966127
0.0  18.157292352332533
0.0  16.764857805966127
0.0  24.851645759676714
0.0  18.157292352332533
0.0  16.764857805966127
0.0  16.764857805966127
0.0  24.851645759676714
0.0  18.157292352332533


Seleccion Ruleta. NUM_ITER: 23
0.0  20.25589247013133
0.0  24.851645759676714
0.0  10.695162238560766
0.0  16.79517078854912
0.0  10.695162238560766
0.0  10.695162238560766
0.0  20.25589247013133
0.0  10.695162238560766
0.0  10.695162238560766
0.0  10.695162238560766
0.0  16.79517078854912
0.0  10.695162238560766
0.0  10.695162238560766
0.0  20.25589247013133
0.0  16.79517078854912
0.0  10.695162238560766
0.0  20.25589247013133
0.0  16.79517078854912
0.0  10.695162238560766
0.0  20.25589247013133
0.0  10.695162238560766
0.0  10.695162238560766
0.0  16.79517078854912
0.0  10.695162238560766
0.0  10.695162238560766
0.0  20.25589247013133
0.0  10.695162238560766
0.0  24.851645759676714
0.0  16.79517078854912
0.0  10.695162238560766


Seleccion Ruleta. NUM_ITER: 24
0.0  19.781524678063697
0.0  20.21072529643527
0.0  20.25589247013133
0.0  19.781524678063697
0.0  19.781524678063697
0.0  20.21072529643527
0.0  19.781524678063697
0.0  19.781524678063697
0.0  20.25589247013133
0.0  20.21072529643527
0.0  19.781524678063697
0.0  19.781524678063697
0.0  19.781524678063697
0.0  20.25589247013133
0.0  20.21072529643527
0.0  20.25589247013133
0.0  20.21072529643527
0.0  19.781524678063697
0.0  20.25589247013133
0.0  19.781524678063697
0.0  20.21072529643527
0.0  20.25589247013133
0.0  19.781524678063697
0.0  20.21072529643527
0.0  19.781524678063697
0.0  19.781524678063697
0.0  19.781524678063697
0.0  20.25589247013133
0.0  19.781524678063697
0.0  19.781524678063697


Seleccion Ruleta. NUM_ITER: 25
0.0  19.265911578265168
0.0  19.265911578265168
0.0  19.265911578265168
0.0  19.265911578265168
0.0  19.265911578265168
0.0  19.79301116560685
0.0  19.429557667350597
0.0  19.79301116560685
0.0  19.265911578265168
0.0  19.265911578265168
0.0  19.429557667350597
0.0  19.265911578265168
0.0  19.265911578265168
0.0  19.265911578265168
0.0  19.265911578265168
0.0  19.79301116560685
0.0  19.429557667350597
0.0  19.265911578265168
0.0  19.265911578265168
0.0  19.79301116560685
0.0  19.429557667350597
0.0  19.265911578265168
0.0  19.265911578265168
0.0  19.265911578265168
0.0  19.79301116560685
0.0  19.429557667350597
0.0  19.265911578265168
0.0  19.265911578265168
0.0  19.265911578265168
0.0  19.265911578265168


Seleccion Ruleta. NUM_ITER: 26
0.0  19.265911578265168
0.0  18.70723977592149
0.0  19.6016416787554
0.0  19.265911578265168
0.0  18.70723977592149
0.0  19.6016416787554
0.0  19.6016416787554
0.0  19.6016416787554
0.0  19.6016416787554
0.0  19.6016416787554
0.0  19.265911578265168
0.0  18.70723977592149
0.0  19.265911578265168
0.0  19.6016416787554
0.0  18.70723977592149
0.0  19.265911578265168
0.0  19.6016416787554
0.0  19.6016416787554
0.0  18.70723977592149
0.0  19.265911578265168
0.0  19.6016416787554
0.0  18.70723977592149
0.0  19.6016416787554
0.0  19.6016416787554
0.0  19.265911578265168
0.0  19.6016416787554
0.0  18.70723977592149
0.0  19.6016416787554
0.0  19.6016416787554
0.0  19.6016416787554


Seleccion Ruleta. NUM_ITER: 27
0.0  19.429557667350597
0.0  22.492699753849063
0.0  20.799759780890383
0.0  19.429557667350597
0.0  18.70723977592149
0.0  20.799759780890383
0.0  18.70723977592149
0.0  18.70723977592149
0.0  18.70723977592149
0.0  22.492699753849063
0.0  19.429557667350597
0.0  20.799759780890383
0.0  18.70723977592149
0.0  18.70723977592149
0.0  18.70723977592149
0.0  22.492699753849063
0.0  19.429557667350597
0.0  20.799759780890383
0.0  19.429557667350597
0.0  18.70723977592149
0.0  18.70723977592149
0.0  18.70723977592149
0.0  20.799759780890383
0.0  19.429557667350597
0.0  18.70723977592149
0.0  20.799759780890383
0.0  18.70723977592149
0.0  18.70723977592149
0.0  18.70723977592149
0.0  18.70723977592149


Seleccion Ruleta. NUM_ITER: 28
0.0  19.362023803402955
0.0  19.781524678063697
0.0  22.59770820866451
0.0  19.781524678063697
0.0  19.362023803402955
0.0  19.362023803402955
0.0  19.362023803402955
0.0  22.59770820866451
0.0  19.362023803402955
0.0  19.781524678063697
0.0  19.362023803402955
0.0  22.59770820866451
0.0  19.781524678063697
0.0  22.59770820866451
0.0  19.362023803402955
0.0  19.362023803402955
0.0  19.362023803402955
0.0  19.362023803402955
0.0  19.781524678063697
0.0  19.362023803402955
0.0  22.59770820866451
0.0  19.362023803402955
0.0  19.362023803402955
0.0  19.362023803402955
0.0  19.781524678063697
0.0  19.362023803402955
0.0  19.362023803402955
0.0  19.362023803402955
0.0  19.362023803402955
0.0  22.59770820866451


Seleccion Ruleta. NUM_ITER: 29
0.0  11.494167834250053
0.0  11.494167834250053
0.0  11.494167834250053
0.0  19.954058597931056
0.0  19.425909842612324
0.0  19.954058597931056
0.0  19.425909842612324
0.0  19.954058597931056
0.0  19.425909842612324
0.0  19.954058597931056
0.0  11.494167834250053
0.0  19.425909842612324
0.0  11.494167834250053
0.0  11.494167834250053
0.0  11.494167834250053
0.0  19.954058597931056
0.0  11.494167834250053
0.0  19.425909842612324
0.0  11.494167834250053
0.0  19.954058597931056
0.0  11.494167834250053
0.0  11.494167834250053
0.0  11.494167834250053
0.0  19.425909842612324
0.0  11.494167834250053
0.0  19.954058597931056
0.0  11.494167834250053
0.0  19.425909842612324
0.0  11.494167834250053
0.0  11.494167834250053


Seleccion Ruleta. NUM_ITER: 30
0.0  20.8943532358781
0.0  20.8943532358781
0.0  25.012073450635555
0.0  20.8943532358781
0.0  20.8943532358781
0.0  20.8943532358781
0.0  11.667062508071906
0.0  20.8943532358781
0.0  25.012073450635555
0.0  20.8943532358781
0.0  20.8943532358781
0.0  20.8943532358781
0.0  11.667062508071906
0.0  25.012073450635555
0.0  11.667062508071906
0.0  25.012073450635555
0.0  11.667062508071906
0.0  20.8943532358781
0.0  25.012073450635555
0.0  11.667062508071906
0.0  25.012073450635555
0.0  11.667062508071906
0.0  20.8943532358781
0.0  20.8943532358781
0.0  20.8943532358781
0.0  20.8943532358781
0.0  20.8943532358781
0.0  20.8943532358781
0.0  20.8943532358781
0.0  20.8943532358781


Seleccion Ruleta. NUM_ITER: 31
0.0  16.646575276544404
0.0  16.646575276544404
0.0  16.646575276544404
0.0  20.8943532358781
0.0  20.8943532358781
0.0  20.8943532358781
0.0  20.8943532358781
0.0  20.8943532358781
0.0  20.8943532358781
0.0  20.8943532358781
0.0  16.646575276544404
0.0  16.646575276544404
0.0  16.646575276544404
0.0  20.8943532358781
0.0  16.646575276544404
0.0  16.646575276544404
0.0  16.646575276544404
0.0  16.646575276544404
0.0  16.646575276544404
0.0  16.646575276544404
0.0  16.646575276544404
0.0  20.8943532358781
0.0  16.646575276544404
0.0  20.8943532358781
0.0  16.646575276544404
0.0  16.646575276544404
0.0  20.8943532358781
0.0  20.8943532358781
0.0  16.646575276544404
0.0  16.646575276544404


Seleccion Ruleta. NUM_ITER: 32
0.0  16.646575276544404
0.0  16.648411286683782
0.0  16.646575276544404
0.0  16.646575276544404
0.0  16.648411286683782
0.0  16.646575276544404
0.0  16.648411286683782
0.0  16.646575276544404
0.0  16.648411286683782
0.0  16.648411286683782
0.0  16.648411286683782
0.0  16.648411286683782
0.0  16.648411286683782
0.0  16.646575276544404
0.0  16.646575276544404
0.0  16.648411286683782
0.0  16.648411286683782
0.0  16.646575276544404
0.0  16.648411286683782
0.0  16.648411286683782
0.0  16.648411286683782
0.0  16.646575276544404
0.0  16.646575276544404
0.0  16.646575276544404
0.0  16.648411286683782
0.0  16.648411286683782
0.0  16.648411286683782
0.0  16.646575276544404
0.0  16.646575276544404
0.0  16.646575276544404


Seleccion Ruleta. NUM_ITER: 33
0.0  27.612574466249672
0.0  16.663293643552073
0.0  20.491894033211185
0.0  20.491894033211185
0.0  20.491894033211185
0.0  27.612574466249672
0.0  20.491894033211185
0.0  16.663293643552073
0.0  20.491894033211185
0.0  27.612574466249672
0.0  20.491894033211185
0.0  20.491894033211185
0.0  20.491894033211185
0.0  16.663293643552073
0.0  27.612574466249672
0.0  20.491894033211185
0.0  20.491894033211185
0.0  16.663293643552073
0.0  20.491894033211185
0.0  27.612574466249672
0.0  20.491894033211185
0.0  16.663293643552073
0.0  27.612574466249672
0.0  16.663293643552073
0.0  27.612574466249672
0.0  20.491894033211185
0.0  20.491894033211185
0.0  20.491894033211185
0.0  20.491894033211185
0.0  16.663293643552073


Seleccion Ruleta. NUM_ITER: 34
0.0  17.869547838256068
0.0  27.614071165139066
0.0  27.612574466249672
0.0  17.869547838256068
0.0  17.869547838256068
0.0  27.614071165139066
0.0  17.869547838256068
0.0  27.612574466249672
0.0  27.614071165139066
0.0  17.869547838256068
0.0  17.869547838256068
0.0  17.869547838256068
0.0  17.869547838256068
0.0  17.869547838256068
0.0  27.612574466249672
0.0  17.869547838256068
0.0  17.869547838256068
0.0  27.614071165139066
0.0  17.869547838256068
0.0  17.869547838256068
0.0  17.869547838256068
0.0  27.612574466249672
0.0  27.614071165139066
0.0  17.869547838256068
0.0  27.612574466249672
0.0  17.869547838256068
0.0  17.869547838256068
0.0  17.869547838256068
0.0  17.869547838256068
0.0  17.869547838256068


Seleccion Ruleta. NUM_ITER: 35
0.0  15.822593953940736
0.0  15.822593953940736
0.0  15.822593953940736
0.0  15.822593953940736
0.0  17.869547838256068
0.0  17.869547838256068
0.0  17.869547838256068
0.0  17.869547838256068
0.0  17.869547838256068
0.0  17.869547838256068
0.0  17.869547838256068
0.0  17.869547838256068
0.0  15.822593953940736
0.0  15.822593953940736
0.0  17.869547838256068
0.0  15.822593953940736
0.0  15.822593953940736
0.0  15.822593953940736
0.0  15.822593953940736
0.0  15.822593953940736
0.0  15.822593953940736
0.0  15.822593953940736
0.0  17.869547838256068
0.0  17.869547838256068
0.0  17.869547838256068
0.0  15.822593953940736
0.0  15.822593953940736
0.0  17.869547838256068
0.0  15.822593953940736
0.0  17.869547838256068


Seleccion Ruleta. NUM_ITER: 36
0.0  19.273402371019927
0.0  15.822593953940736
0.0  15.822593953940736
0.0  19.273402371019927
0.0  19.273402371019927
0.0  19.273402371019927
0.0  19.273402371019927
0.0  15.822593953940736
0.0  15.822593953940736
0.0  15.822593953940736
0.0  19.273402371019927
0.0  15.822593953940736
0.0  19.273402371019927
0.0  19.273402371019927
0.0  19.273402371019927
0.0  19.273402371019927
0.0  19.273402371019927
0.0  19.273402371019927
0.0  19.273402371019927
0.0  19.273402371019927
0.0  19.273402371019927
0.0  15.822593953940736
0.0  19.273402371019927
0.0  19.273402371019927
0.0  19.273402371019927
0.0  19.273402371019927
0.0  19.273402371019927
0.0  19.273402371019927
0.0  15.822593953940736
0.0  19.273402371019927


Seleccion Ruleta. NUM_ITER: 37
0.0  12.747460768595978
0.0  12.747460768595978
0.0  12.747460768595978
0.0  12.747460768595978
0.0  19.261981864208742
0.0  19.273402371019927
0.0  19.261981864208742
0.0  12.747460768595978
0.0  19.273402371019927
0.0  12.747460768595978
0.0  12.747460768595978
0.0  12.747460768595978
0.0  12.747460768595978
0.0  12.747460768595978
0.0  12.747460768595978
0.0  12.747460768595978
0.0  19.261981864208742
0.0  12.747460768595978
0.0  19.273402371019927
0.0  12.747460768595978
0.0  12.747460768595978
0.0  12.747460768595978
0.0  12.747460768595978
0.0  12.747460768595978
0.0  12.747460768595978
0.0  19.261981864208742
0.0  19.273402371019927
0.0  12.747460768595978
0.0  12.747460768595978
0.0  12.747460768595978


Seleccion Ruleta. NUM_ITER: 38
0.0  14.006249438072363
0.0  12.747460768595978
0.0  31.44468035568063
0.0  12.747460768595978
0.0  12.747460768595978
0.0  12.747460768595978
0.0  12.747460768595978
0.0  12.747460768595978
0.0  14.006249438072363
0.0  12.747460768595978
0.0  31.44468035568063
0.0  12.747460768595978
0.0  12.747460768595978
0.0  14.006249438072363
0.0  12.747460768595978
0.0  12.747460768595978
0.0  31.44468035568063
0.0  12.747460768595978
0.0  14.006249438072363
0.0  12.747460768595978
0.0  31.44468035568063
0.0  12.747460768595978
0.0  14.006249438072363
0.0  31.44468035568063
0.0  12.747460768595978
0.0  12.747460768595978
0.0  14.006249438072363
0.0  31.44468035568063
0.0  12.747460768595978
0.0  12.747460768595978


Seleccion Ruleta. NUM_ITER: 39
0.0  14.000776126330717
0.0  15.401533652588743
0.0  13.834660685721605
0.0  15.401533652588743
0.0  15.401533652588743
0.0  14.000776126330717
0.0  15.401533652588743
0.0  13.834660685721605
0.0  14.000776126330717
0.0  15.401533652588743
0.0  15.401533652588743
0.0  15.401533652588743
0.0  15.401533652588743
0.0  13.834660685721605
0.0  15.401533652588743
0.0  15.401533652588743
0.0  14.000776126330717
0.0  15.401533652588743
0.0  15.401533652588743
0.0  13.834660685721605
0.0  14.000776126330717
0.0  13.834660685721605
0.0  15.401533652588743
0.0  14.000776126330717
0.0  15.401533652588743
0.0  13.834660685721605
0.0  15.401533652588743
0.0  15.401533652588743
0.0  15.401533652588743
0.0  15.401533652588743


Seleccion Ruleta. NUM_ITER: 40
0.0  14.622101937503537
0.0  14.757422698635578
0.0  13.645556247739929
0.0  14.622101937503537
0.0  14.622101937503537
0.0  14.622101937503537
0.0  14.757422698635578
0.0  14.622101937503537
0.0  14.622101937503537
0.0  13.645556247739929
0.0  14.622101937503537
0.0  14.622101937503537
0.0  14.757422698635578
0.0  14.622101937503537
0.0  13.645556247739929
0.0  14.757422698635578
0.0  13.645556247739929
0.0  14.757422698635578
0.0  14.622101937503537
0.0  14.622101937503537
0.0  13.645556247739929
0.0  14.622101937503537
0.0  14.622101937503537
0.0  14.622101937503537
0.0  14.622101937503537
0.0  14.622101937503537
0.0  14.622101937503537
0.0  14.622101937503537
0.0  14.622101937503537
0.0  14.622101937503537


Seleccion Ruleta. NUM_ITER: 41
0.0  26.798415842246065
0.0  26.798415842246065
0.0  14.58447510458249
0.0  26.798415842246065
0.0  26.798415842246065
0.0  14.622101937503537
0.0  14.58447510458249
0.0  26.798415842246065
0.0  14.622101937503537
0.0  26.798415842246065
0.0  26.798415842246065
0.0  14.58447510458249
0.0  14.622101937503537
0.0  14.58447510458249
0.0  14.622101937503537
0.0  26.798415842246065
0.0  14.58447510458249
0.0  26.798415842246065
0.0  14.622101937503537
0.0  14.58447510458249
0.0  26.798415842246065
0.0  26.798415842246065
0.0  26.798415842246065
0.0  26.798415842246065
0.0  26.798415842246065
0.0  26.798415842246065
0.0  26.798415842246065
0.0  26.798415842246065
0.0  26.798415842246065
0.0  14.622101937503537


Seleccion Ruleta. NUM_ITER: 42
0.0  27.2966184833298
0.0  27.2966184833298
0.0  15.888741229903896
0.0  27.2966184833298
0.0  27.2966184833298
0.0  27.2966184833298
0.0  27.2966184833298
0.0  14.622101937503537
0.0  15.888741229903896
0.0  27.2966184833298
0.0  27.2966184833298
0.0  14.622101937503537
0.0  15.888741229903896
0.0  27.2966184833298
0.0  27.2966184833298
0.0  27.2966184833298
0.0  14.622101937503537
0.0  27.2966184833298
0.0  15.888741229903896
0.0  14.622101937503537
0.0  27.2966184833298
0.0  15.888741229903896
0.0  27.2966184833298
0.0  14.622101937503537
0.0  15.888741229903896
0.0  27.2966184833298
0.0  14.622101937503537
0.0  27.2966184833298
0.0  27.2966184833298
0.0  27.2966184833298


Seleccion Ruleta. NUM_ITER: 43
0.0  27.2966184833298
0.0  21.750188242484146
0.0  27.2966184833298
0.0  27.2966184833298
0.0  21.750188242484146
0.0  21.750188242484146
0.0  27.2966184833298
0.0  21.750188242484146
0.0  27.2966184833298
0.0  27.2966184833298
0.0  21.750188242484146
0.0  21.750188242484146
0.0  21.750188242484146
0.0  27.2966184833298
0.0  27.2966184833298
0.0  21.750188242484146
0.0  21.750188242484146
0.0  27.2966184833298
0.0  21.750188242484146
0.0  21.750188242484146
0.0  21.750188242484146
0.0  21.750188242484146
0.0  21.750188242484146
0.0  21.750188242484146
0.0  21.750188242484146
0.0  21.750188242484146
0.0  21.750188242484146
0.0  21.750188242484146
0.0  21.750188242484146
0.0  27.2966184833298


Seleccion Ruleta. NUM_ITER: 44
0.0  19.876432254520505
0.0  19.876432254520505
0.0  22.456391930899912
0.0  21.750188242484146
0.0  22.456391930899912
0.0  19.876432254520505
0.0  19.876432254520505
0.0  19.876432254520505
0.0  19.876432254520505
0.0  21.750188242484146
0.0  19.876432254520505
0.0  19.876432254520505
0.0  19.876432254520505
0.0  19.876432254520505
0.0  19.876432254520505
0.0  19.876432254520505
0.0  22.456391930899912
0.0  19.876432254520505
0.0  19.876432254520505
0.0  19.876432254520505
0.0  21.750188242484146
0.0  22.456391930899912
0.0  19.876432254520505
0.0  19.876432254520505
0.0  21.750188242484146
0.0  22.456391930899912
0.0  21.750188242484146
0.0  19.876432254520505
0.0  22.456391930899912
0.0  21.750188242484146


Seleccion Ruleta. NUM_ITER: 45
0.0  18.25043145752887
0.0  18.25043145752887
0.0  17.358479164523633
0.0  18.25043145752887
0.0  18.25043145752887
0.0  18.25043145752887
0.0  18.25043145752887
0.0  18.25043145752887
0.0  18.25043145752887
0.0  22.104754790488606
0.0  18.25043145752887
0.0  17.358479164523633
0.0  18.25043145752887
0.0  18.25043145752887
0.0  18.25043145752887
0.0  18.25043145752887
0.0  18.25043145752887
0.0  22.104754790488606
0.0  17.358479164523633
0.0  18.25043145752887
0.0  18.25043145752887
0.0  22.104754790488606
0.0  18.25043145752887
0.0  18.25043145752887
0.0  17.358479164523633
0.0  22.104754790488606
0.0  18.25043145752887
0.0  18.25043145752887
0.0  17.358479164523633
0.0  22.104754790488606


Seleccion Ruleta. NUM_ITER: 46
0.0  28.042723879976656
0.0  22.104754790488606
0.0  28.042723879976656
0.0  28.042723879976656
0.0  18.25043145752887
0.0  26.798415842246065
0.0  18.25043145752887
0.0  26.798415842246065
0.0  28.042723879976656
0.0  18.25043145752887
0.0  28.042723879976656
0.0  28.042723879976656
0.0  28.042723879976656
0.0  26.798415842246065
0.0  28.042723879976656
0.0  18.25043145752887
0.0  28.042723879976656
0.0  28.042723879976656
0.0  26.798415842246065
0.0  28.042723879976656
0.0  18.25043145752887
0.0  28.042723879976656
0.0  28.042723879976656
0.0  28.042723879976656
0.0  28.042723879976656
0.0  28.042723879976656
0.0  26.798415842246065
0.0  28.042723879976656
0.0  28.042723879976656
0.0  28.042723879976656


Seleccion Ruleta. NUM_ITER: 47
0.0  28.042723879976656
0.0  11.152034720263188
0.0  11.152034720263188
0.0  26.55638331709432
0.0  11.152034720263188
0.0  11.152034720263188
0.0  11.152034720263188
0.0  28.042723879976656
0.0  11.152034720263188
0.0  26.55638331709432
0.0  28.042723879976656
0.0  26.55638331709432
0.0  28.042723879976656
0.0  11.152034720263188
0.0  26.55638331709432
0.0  28.042723879976656
0.0  11.152034720263188
0.0  26.55638331709432
0.0  11.152034720263188
0.0  28.042723879976656
0.0  11.152034720263188
0.0  26.55638331709432
0.0  11.152034720263188
0.0  11.152034720263188
0.0  11.152034720263188
0.0  11.152034720263188
0.0  28.042723879976656
0.0  26.55638331709432
0.0  11.152034720263188
0.0  11.152034720263188


Seleccion Ruleta. NUM_ITER: 48
0.0  11.159812242933247
0.0  23.368555573499766
0.0  23.368555573499766
0.0  23.224752207240428
0.0  23.368555573499766
0.0  11.159812242933247
0.0  23.368555573499766
0.0  23.368555573499766
0.0  23.224752207240428
0.0  23.368555573499766
0.0  23.368555573499766
0.0  11.159812242933247
0.0  23.368555573499766
0.0  23.368555573499766
0.0  23.368555573499766
0.0  23.368555573499766
0.0  23.224752207240428
0.0  11.159812242933247
0.0  23.224752207240428
0.0  11.159812242933247
0.0  23.224752207240428
0.0  23.368555573499766
0.0  11.159812242933247
0.0  23.368555573499766
0.0  23.224752207240428
0.0  23.368555573499766
0.0  23.368555573499766
0.0  23.368555573499766
0.0  23.368555573499766
0.0  23.368555573499766


Seleccion Ruleta. NUM_ITER: 49
0.0  16.583431538607552
0.0  11.159812242933247
0.0  11.147834485730936
0.0  11.147834485730936
0.0  16.583431538607552
0.0  11.159812242933247
0.0  16.583431538607552
0.0  11.147834485730936
0.0  11.159812242933247
0.0  11.147834485730936
0.0  11.147834485730936
0.0  16.583431538607552
0.0  11.159812242933247
0.0  11.147834485730936
0.0  11.147834485730936
0.0  11.147834485730936
0.0  16.583431538607552
0.0  11.147834485730936
0.0  11.147834485730936
0.0  11.147834485730936
0.0  11.147834485730936
0.0  11.147834485730936
0.0  11.147834485730936
0.0  11.147834485730936
0.0  11.147834485730936
0.0  11.147834485730936
0.0  11.159812242933247
0.0  11.147834485730936
0.0  16.583431538607552
0.0  11.159812242933247


