Seleccion Ruleta. NUM_ITER: 0
0.0  28.867219546821353
0.0  31.472521094454063
0.0  27.150120055543237
0.0  25.44957746956068
0.0  12.069481509149824
0.0  14.978403629231721
0.0  18.344624890613918
0.0  28.555835235912376
0.0  29.613962674169265
0.0  12.624643862510135
0.0  23.70642560378063
0.0  20.821990841889452
0.0  20.821990841889452
0.0  25.44957746956068
0.0  21.16410968178269
0.0  31.472521094454063
0.0  27.150120055543237
0.0  28.555835235912376
0.0  28.331957008259174
0.0  17.12666056729165
0.0  28.60528545955673
0.0  23.364100236289982
0.0  13.224289100548518
0.0  26.917858522151967
0.0  13.224289100548518
0.0  25.174766570600518
0.0  17.12666056729165
0.0  21.16410968178269
0.0  14.978403629231721
0.0  18.039649606380962


Seleccion Ruleta. NUM_ITER: 1
0.0  16.141127369805602
0.0  16.141127369805602
0.0  16.141127369805602
0.0  16.141127369805602
0.0  16.141127369805602
0.0  16.141127369805602
0.0  16.141127369805602
0.0  16.141127369805602
0.0  16.141127369805602
0.0  16.141127369805602
0.0  16.141127369805602
0.0  16.141127369805602
0.0  16.141127369805602
0.0  16.141127369805602
0.0  16.141127369805602
0.0  16.141127369805602
0.0  16.141127369805602
0.0  16.141127369805602
0.0  16.141127369805602
0.0  16.141127369805602
0.0  16.141127369805602
0.0  16.141127369805602
0.0  16.141127369805602
0.0  16.141127369805602
0.0  16.141127369805602
0.0  16.141127369805602
0.0  16.141127369805602
0.0  16.141127369805602
0.0  16.141127369805602
0.0  16.141127369805602


Seleccion Ruleta. NUM_ITER: 2
0.0  22.310026571972312
0.0  22.310026571972312
0.0  22.310026571972312
0.0  22.310026571972312
0.0  22.310026571972312
0.0  22.310026571972312
0.0  22.310026571972312
0.0  22.310026571972312
0.0  22.310026571972312
0.0  22.310026571972312
0.0  22.310026571972312
0.0  22.310026571972312
0.0  22.310026571972312
0.0  22.310026571972312
0.0  22.310026571972312
0.0  22.310026571972312
0.0  22.310026571972312
0.0  22.310026571972312
0.0  22.310026571972312
0.0  22.310026571972312
0.0  22.310026571972312
0.0  22.310026571972312
0.0  22.310026571972312
0.0  22.310026571972312
0.0  22.310026571972312
0.0  22.310026571972312
0.0  22.310026571972312
0.0  22.310026571972312
0.0  22.310026571972312
0.0  22.310026571972312


Seleccion Ruleta. NUM_ITER: 3
0.0  29.99288382449626
0.0  29.99288382449626
0.0  29.99288382449626
0.0  29.99288382449626
0.0  29.99288382449626
0.0  29.99288382449626
0.0  29.99288382449626
0.0  29.99288382449626
0.0  29.99288382449626
0.0  29.99288382449626
0.0  29.99288382449626
0.0  29.99288382449626
0.0  29.99288382449626
0.0  29.99288382449626
0.0  29.99288382449626
0.0  29.99288382449626
0.0  29.99288382449626
0.0  29.99288382449626
0.0  29.99288382449626
0.0  29.99288382449626
0.0  29.99288382449626
0.0  29.99288382449626
0.0  29.99288382449626
0.0  29.99288382449626
0.0  29.99288382449626
0.0  29.99288382449626
0.0  29.99288382449626
0.0  29.99288382449626
0.0  29.99288382449626
0.0  29.99288382449626


Seleccion Ruleta. NUM_ITER: 4
0.0  30.061975590183877
0.0  30.061975590183877
0.0  30.061975590183877
0.0  30.061975590183877
0.0  30.061975590183877
0.0  30.061975590183877
0.0  30.061975590183877
0.0  30.061975590183877
0.0  30.061975590183877
0.0  30.061975590183877
0.0  30.061975590183877
0.0  30.061975590183877
0.0  30.061975590183877
0.0  30.061975590183877
0.0  30.061975590183877
0.0  30.061975590183877
0.0  30.061975590183877
0.0  30.061975590183877
0.0  30.061975590183877
0.0  30.061975590183877
0.0  30.061975590183877
0.0  30.061975590183877
0.0  30.061975590183877
0.0  30.061975590183877
0.0  30.061975590183877
0.0  30.061975590183877
0.0  30.061975590183877
0.0  30.061975590183877
0.0  30.061975590183877
0.0  30.061975590183877


Seleccion Ruleta. NUM_ITER: 5
0.0  30.061975590183877
0.0  30.061975590183877
0.0  30.061975590183877
0.0  30.061975590183877
0.0  30.061975590183877
0.0  30.061975590183877
0.0  30.061975590183877
0.0  30.061975590183877
0.0  30.061975590183877
0.0  30.061975590183877
0.0  30.061975590183877
0.0  30.061975590183877
0.0  30.061975590183877
0.0  30.061975590183877
0.0  30.061975590183877
0.0  30.061975590183877
0.0  30.061975590183877
0.0  30.061975590183877
0.0  30.061975590183877
0.0  30.061975590183877
0.0  30.061975590183877
0.0  30.061975590183877
0.0  30.061975590183877
0.0  30.061975590183877
0.0  30.061975590183877
0.0  30.061975590183877
0.0  30.061975590183877
0.0  30.061975590183877
0.0  30.061975590183877
0.0  30.061975590183877


Seleccion Ruleta. NUM_ITER: 6
0.0  30.061975590183877
0.0  30.061975590183877
0.0  30.061975590183877
0.0  30.061975590183877
0.0  30.061975590183877
0.0  30.061975590183877
0.0  30.061975590183877
0.0  30.061975590183877
0.0  30.061975590183877
0.0  30.061975590183877
0.0  30.061975590183877
0.0  30.061975590183877
0.0  30.061975590183877
0.0  30.061975590183877
0.0  30.061975590183877
0.0  30.061975590183877
0.0  30.061975590183877
0.0  30.061975590183877
0.0  30.061975590183877
0.0  30.061975590183877
0.0  30.061975590183877
0.0  30.061975590183877
0.0  30.061975590183877
0.0  30.061975590183877
0.0  30.061975590183877
0.0  30.061975590183877
0.0  30.061975590183877
0.0  30.061975590183877
0.0  30.061975590183877
0.0  30.061975590183877


Seleccion Ruleta. NUM_ITER: 7
0.0  25.135032657339085
0.0  25.135032657339085
0.0  25.135032657339085
0.0  25.135032657339085
0.0  25.135032657339085
0.0  25.135032657339085
0.0  25.135032657339085
0.0  25.135032657339085
0.0  25.135032657339085
0.0  25.135032657339085
0.0  25.135032657339085
0.0  25.135032657339085
0.0  25.135032657339085
0.0  25.135032657339085
0.0  25.135032657339085
0.0  25.135032657339085
0.0  25.135032657339085
0.0  25.135032657339085
0.0  25.135032657339085
0.0  25.135032657339085
0.0  25.135032657339085
0.0  25.135032657339085
0.0  25.135032657339085
0.0  25.135032657339085
0.0  25.135032657339085
0.0  25.135032657339085
0.0  25.135032657339085
0.0  25.135032657339085
0.0  25.135032657339085
0.0  25.135032657339085


Seleccion Ruleta. NUM_ITER: 8
0.0  25.151369756244833
0.0  25.151369756244833
0.0  25.151369756244833
0.0  25.151369756244833
0.0  25.151369756244833
0.0  25.151369756244833
0.0  25.151369756244833
0.0  25.151369756244833
0.0  25.151369756244833
0.0  25.151369756244833
0.0  25.151369756244833
0.0  25.151369756244833
0.0  25.151369756244833
0.0  25.151369756244833
0.0  25.151369756244833
0.0  25.151369756244833
0.0  25.151369756244833
0.0  25.151369756244833
0.0  25.151369756244833
0.0  25.151369756244833
0.0  25.151369756244833
0.0  25.151369756244833
0.0  25.151369756244833
0.0  25.151369756244833
0.0  25.151369756244833
0.0  25.151369756244833
0.0  25.151369756244833
0.0  25.151369756244833
0.0  25.151369756244833
0.0  25.151369756244833


Seleccion Ruleta. NUM_ITER: 9
0.0  29.092510993068597
0.0  29.092510993068597
0.0  29.092510993068597
0.0  29.092510993068597
0.0  29.092510993068597
0.0  29.092510993068597
0.0  29.092510993068597
0.0  29.092510993068597
0.0  29.092510993068597
0.0  29.092510993068597
0.0  29.092510993068597
0.0  29.092510993068597
0.0  29.092510993068597
0.0  29.092510993068597
0.0  29.092510993068597
0.0  29.092510993068597
0.0  29.092510993068597
0.0  29.092510993068597
0.0  29.092510993068597
0.0  29.092510993068597
0.0  29.092510993068597
0.0  29.092510993068597
0.0  29.092510993068597
0.0  29.092510993068597
0.0  29.092510993068597
0.0  29.092510993068597
0.0  29.092510993068597
0.0  29.092510993068597
0.0  29.092510993068597
0.0  29.092510993068597


Seleccion Ruleta. NUM_ITER: 10
0.0  28.530443650125324
0.0  28.530443650125324
0.0  28.530443650125324
0.0  28.530443650125324
0.0  28.530443650125324
0.0  28.530443650125324
0.0  28.530443650125324
0.0  28.530443650125324
0.0  28.530443650125324
0.0  28.530443650125324
0.0  28.530443650125324
0.0  28.530443650125324
0.0  28.530443650125324
0.0  28.530443650125324
0.0  28.530443650125324
0.0  28.530443650125324
0.0  28.530443650125324
0.0  28.530443650125324
0.0  28.530443650125324
0.0  28.530443650125324
0.0  28.530443650125324
0.0  28.530443650125324
0.0  28.530443650125324
0.0  28.530443650125324
0.0  28.530443650125324
0.0  28.530443650125324
0.0  28.530443650125324
0.0  28.530443650125324
0.0  28.530443650125324
0.0  28.530443650125324


Seleccion Ruleta. NUM_ITER: 11
0.0  32.120492793926644
0.0  30.489149533103703
0.0  32.120492793926644
0.0  30.489149533103703
0.0  30.489149533103703
0.0  32.120492793926644
0.0  32.120492793926644
0.0  32.120492793926644
0.0  32.120492793926644
0.0  32.120492793926644
0.0  32.120492793926644
0.0  32.120492793926644
0.0  32.120492793926644
0.0  30.489149533103703
0.0  32.120492793926644
0.0  32.120492793926644
0.0  32.120492793926644
0.0  30.489149533103703
0.0  30.489149533103703
0.0  32.120492793926644
0.0  32.120492793926644
0.0  30.489149533103703
0.0  32.120492793926644
0.0  32.120492793926644
0.0  30.489149533103703
0.0  30.489149533103703
0.0  32.120492793926644
0.0  30.489149533103703
0.0  32.120492793926644
0.0  32.120492793926644


Seleccion Ruleta. NUM_ITER: 12
0.0  13.886984725301396
0.0  13.886984725301396
0.0  13.886984725301396
0.0  13.886984725301396
0.0  13.886984725301396
0.0  13.886984725301396
0.0  13.886984725301396
0.0  13.886984725301396
0.0  13.886984725301396
0.0  13.886984725301396
0.0  13.886984725301396
0.0  13.886984725301396
0.0  13.886984725301396
0.0  13.886984725301396
0.0  13.886984725301396
0.0  13.886984725301396
0.0  13.886984725301396
0.0  13.886984725301396
0.0  13.886984725301396
0.0  13.886984725301396
0.0  13.886984725301396
0.0  13.886984725301396
0.0  13.886984725301396
0.0  13.886984725301396
0.0  13.886984725301396
0.0  13.886984725301396
0.0  13.886984725301396
0.0  13.886984725301396
0.0  13.886984725301396
0.0  13.886984725301396


Seleccion Ruleta. NUM_ITER: 13
0.0  14.096946585445455
0.0  14.096946585445455
0.0  14.096946585445455
0.0  14.096946585445455
0.0  14.096946585445455
0.0  14.096946585445455
0.0  14.096946585445455
0.0  14.096946585445455
0.0  14.096946585445455
0.0  14.096946585445455
0.0  14.096946585445455
0.0  14.096946585445455
0.0  14.096946585445455
0.0  14.096946585445455
0.0  14.096946585445455
0.0  14.096946585445455
0.0  14.096946585445455
0.0  14.096946585445455
0.0  14.096946585445455
0.0  14.096946585445455
0.0  14.096946585445455
0.0  14.096946585445455
0.0  14.096946585445455
0.0  14.096946585445455
0.0  14.096946585445455
0.0  14.096946585445455
0.0  14.096946585445455
0.0  14.096946585445455
0.0  14.096946585445455
0.0  14.096946585445455


Seleccion Ruleta. NUM_ITER: 14
0.0  13.962870291219035
0.0  13.962870291219035
0.0  13.962870291219035
0.0  13.962870291219035
0.0  13.962870291219035
0.0  13.962870291219035
0.0  13.962870291219035
0.0  13.962870291219035
0.0  13.962870291219035
0.0  13.962870291219035
0.0  13.962870291219035
0.0  13.962870291219035
0.0  13.962870291219035
0.0  13.962870291219035
0.0  13.962870291219035
0.0  13.962870291219035
0.0  13.962870291219035
0.0  13.962870291219035
0.0  13.962870291219035
0.0  13.962870291219035
0.0  13.962870291219035
0.0  13.962870291219035
0.0  13.962870291219035
0.0  13.962870291219035
0.0  13.962870291219035
0.0  13.962870291219035
0.0  13.962870291219035
0.0  13.962870291219035
0.0  13.962870291219035
0.0  13.962870291219035


Seleccion Ruleta. NUM_ITER: 15
0.0  14.376004156251456
0.0  14.376004156251456
0.0  14.376004156251456
0.0  14.376004156251456
0.0  14.376004156251456
0.0  14.376004156251456
0.0  14.376004156251456
0.0  14.376004156251456
0.0  14.376004156251456
0.0  14.376004156251456
0.0  14.376004156251456
0.0  14.376004156251456
0.0  14.376004156251456
0.0  14.376004156251456
0.0  14.376004156251456
0.0  14.376004156251456
0.0  14.376004156251456
0.0  14.376004156251456
0.0  14.376004156251456
0.0  14.376004156251456
0.0  14.376004156251456
0.0  14.376004156251456
0.0  14.376004156251456
0.0  14.376004156251456
0.0  14.376004156251456
0.0  14.376004156251456
0.0  14.376004156251456
0.0  14.376004156251456
0.0  14.376004156251456
0.0  14.376004156251456


Seleccion Ruleta. NUM_ITER: 16
0.0  14.354686158659483
0.0  14.354686158659483
0.0  14.354686158659483
0.0  14.354686158659483
0.0  14.354686158659483
0.0  14.354686158659483
0.0  14.354686158659483
0.0  14.354686158659483
0.0  14.354686158659483
0.0  14.354686158659483
0.0  14.354686158659483
0.0  14.354686158659483
0.0  14.354686158659483
0.0  14.354686158659483
0.0  14.354686158659483
0.0  14.354686158659483
0.0  14.354686158659483
0.0  14.354686158659483
0.0  14.354686158659483
0.0  14.354686158659483
0.0  14.354686158659483
0.0  14.354686158659483
0.0  14.354686158659483
0.0  14.354686158659483
0.0  14.354686158659483
0.0  14.354686158659483
0.0  14.354686158659483
0.0  14.354686158659483
0.0  14.354686158659483
0.0  14.354686158659483


Seleccion Ruleta. NUM_ITER: 17
0.0  27.94523253609922
0.0  27.94523253609922
0.0  27.94523253609922
0.0  27.94523253609922
0.0  27.94523253609922
0.0  27.94523253609922
0.0  27.94523253609922
0.0  27.94523253609922
0.0  27.94523253609922
0.0  27.94523253609922
0.0  27.94523253609922
0.0  27.94523253609922
0.0  27.94523253609922
0.0  27.94523253609922
0.0  27.94523253609922
0.0  27.94523253609922
0.0  27.94523253609922
0.0  27.94523253609922
0.0  27.94523253609922
0.0  27.94523253609922
0.0  27.94523253609922
0.0  27.94523253609922
0.0  27.94523253609922
0.0  27.94523253609922
0.0  27.94523253609922
0.0  27.94523253609922
0.0  27.94523253609922
0.0  27.94523253609922
0.0  27.94523253609922
0.0  27.94523253609922


Seleccion Ruleta. NUM_ITER: 18
0.0  27.95913629218453
0.0  27.95913629218453
0.0  27.95913629218453
0.0  27.95913629218453
0.0  27.95913629218453
0.0  27.95913629218453
0.0  27.95913629218453
0.0  27.95913629218453
0.0  27.95913629218453
0.0  27.95913629218453
0.0  27.95913629218453
0.0  27.95913629218453
0.0  27.95913629218453
0.0  27.95913629218453
0.0  27.95913629218453
0.0  27.95913629218453
0.0  27.95913629218453
0.0  27.95913629218453
0.0  27.95913629218453
0.0  27.95913629218453
0.0  27.95913629218453
0.0  27.95913629218453
0.0  27.95913629218453
0.0  27.95913629218453
0.0  27.95913629218453
0.0  27.95913629218453
0.0  27.95913629218453
0.0  27.95913629218453
0.0  27.95913629218453
0.0  27.95913629218453


Seleccion Ruleta. NUM_ITER: 19
0.0  27.95913629218453
0.0  27.95913629218453
0.0  27.95913629218453
0.0  27.95913629218453
0.0  27.95913629218453
0.0  27.95913629218453
0.0  27.95913629218453
0.0  27.95913629218453
0.0  27.95913629218453
0.0  27.95913629218453
0.0  27.95913629218453
0.0  27.95913629218453
0.0  27.95913629218453
0.0  27.95913629218453
0.0  27.95913629218453
0.0  27.95913629218453
0.0  27.95913629218453
0.0  27.95913629218453
0.0  27.95913629218453
0.0  27.95913629218453
0.0  27.95913629218453
0.0  27.95913629218453
0.0  27.95913629218453
0.0  27.95913629218453
0.0  27.95913629218453
0.0  27.95913629218453
0.0  27.95913629218453
0.0  27.95913629218453
0.0  27.95913629218453
0.0  27.95913629218453


Seleccion Ruleta. NUM_ITER: 20
0.0  30.313483689143396
0.0  30.313483689143396
0.0  30.313483689143396
0.0  30.313483689143396
0.0  30.313483689143396
0.0  30.313483689143396
0.0  30.313483689143396
0.0  30.313483689143396
0.0  30.313483689143396
0.0  30.313483689143396
0.0  30.313483689143396
0.0  30.313483689143396
0.0  30.313483689143396
0.0  30.313483689143396
0.0  30.313483689143396
0.0  30.313483689143396
0.0  30.313483689143396
0.0  30.313483689143396
0.0  30.313483689143396
0.0  30.313483689143396
0.0  30.313483689143396
0.0  30.313483689143396
0.0  30.313483689143396
0.0  30.313483689143396
0.0  30.313483689143396
0.0  30.313483689143396
0.0  30.313483689143396
0.0  30.313483689143396
0.0  30.313483689143396
0.0  30.313483689143396


Seleccion Ruleta. NUM_ITER: 21
0.0  24.851645759676714
0.0  24.851645759676714
0.0  24.851645759676714
0.0  24.851645759676714
0.0  24.851645759676714
0.0  24.851645759676714
0.0  24.851645759676714
0.0  24.851645759676714
0.0  24.851645759676714
0.0  24.851645759676714
0.0  24.851645759676714
0.0  24.851645759676714
0.0  24.851645759676714
0.0  24.851645759676714
0.0  24.851645759676714
0.0  24.851645759676714
0.0  24.851645759676714
0.0  24.851645759676714
0.0  24.851645759676714
0.0  24.851645759676714
0.0  24.851645759676714
0.0  24.851645759676714
0.0  24.851645759676714
0.0  24.851645759676714
0.0  24.851645759676714
0.0  24.851645759676714
0.0  24.851645759676714
0.0  24.851645759676714
0.0  24.851645759676714
0.0  24.851645759676714


Seleccion Ruleta. NUM_ITER: 22
0.0  18.157292352332533
0.0  18.157292352332533
0.0  18.157292352332533
0.0  18.157292352332533
0.0  18.157292352332533
0.0  18.157292352332533
0.0  18.157292352332533
0.0  18.157292352332533
0.0  18.157292352332533
0.0  18.157292352332533
0.0  18.157292352332533
0.0  18.157292352332533
0.0  18.157292352332533
0.0  18.157292352332533
0.0  18.157292352332533
0.0  18.157292352332533
0.0  18.157292352332533
0.0  18.157292352332533
0.0  18.157292352332533
0.0  18.157292352332533
0.0  18.157292352332533
0.0  18.157292352332533
0.0  18.157292352332533
0.0  18.157292352332533
0.0  18.157292352332533
0.0  18.157292352332533
0.0  18.157292352332533
0.0  18.157292352332533
0.0  18.157292352332533
0.0  18.157292352332533


Seleccion Ruleta. NUM_ITER: 23
0.0  16.764857805966127
0.0  24.851645759676714
0.0  16.764857805966127
0.0  16.764857805966127
0.0  16.764857805966127
0.0  16.764857805966127
0.0  16.764857805966127
0.0  16.764857805966127
0.0  16.764857805966127
0.0  16.764857805966127
0.0  16.764857805966127
0.0  16.764857805966127
0.0  16.764857805966127
0.0  16.764857805966127
0.0  16.764857805966127
0.0  16.764857805966127
0.0  16.764857805966127
0.0  16.764857805966127
0.0  16.764857805966127
0.0  16.764857805966127
0.0  16.764857805966127
0.0  16.764857805966127
0.0  16.764857805966127
0.0  16.764857805966127
0.0  16.764857805966127
0.0  16.764857805966127
0.0  16.764857805966127
0.0  24.851645759676714
0.0  16.764857805966127
0.0  16.764857805966127


Seleccion Ruleta. NUM_ITER: 24
0.0  20.25589247013133
0.0  20.25589247013133
0.0  20.25589247013133
0.0  20.25589247013133
0.0  20.25589247013133
0.0  20.25589247013133
0.0  20.25589247013133
0.0  20.25589247013133
0.0  20.25589247013133
0.0  20.25589247013133
0.0  20.25589247013133
0.0  20.25589247013133
0.0  20.25589247013133
0.0  20.25589247013133
0.0  20.25589247013133
0.0  20.25589247013133
0.0  20.25589247013133
0.0  20.25589247013133
0.0  20.25589247013133
0.0  20.25589247013133
0.0  20.25589247013133
0.0  20.25589247013133
0.0  20.25589247013133
0.0  20.25589247013133
0.0  20.25589247013133
0.0  20.25589247013133
0.0  20.25589247013133
0.0  20.25589247013133
0.0  20.25589247013133
0.0  20.25589247013133


Seleccion Ruleta. NUM_ITER: 25
0.0  19.781524678063697
0.0  19.781524678063697
0.0  19.781524678063697
0.0  19.781524678063697
0.0  19.781524678063697
0.0  19.781524678063697
0.0  19.781524678063697
0.0  19.781524678063697
0.0  19.781524678063697
0.0  19.781524678063697
0.0  19.781524678063697
0.0  19.781524678063697
0.0  19.781524678063697
0.0  19.781524678063697
0.0  19.781524678063697
0.0  19.781524678063697
0.0  19.781524678063697
0.0  19.781524678063697
0.0  19.781524678063697
0.0  19.781524678063697
0.0  19.781524678063697
0.0  19.781524678063697
0.0  19.781524678063697
0.0  19.781524678063697
0.0  19.781524678063697
0.0  19.781524678063697
0.0  19.781524678063697
0.0  19.781524678063697
0.0  19.781524678063697
0.0  19.781524678063697


Seleccion Ruleta. NUM_ITER: 26
0.0  19.265911578265168
0.0  19.265911578265168
0.0  19.265911578265168
0.0  19.265911578265168
0.0  19.265911578265168
0.0  19.265911578265168
0.0  19.265911578265168
0.0  19.265911578265168
0.0  19.265911578265168
0.0  19.265911578265168
0.0  19.265911578265168
0.0  19.265911578265168
0.0  19.265911578265168
0.0  19.265911578265168
0.0  19.265911578265168
0.0  19.265911578265168
0.0  19.265911578265168
0.0  19.265911578265168
0.0  19.265911578265168
0.0  19.265911578265168
0.0  19.265911578265168
0.0  19.265911578265168
0.0  19.265911578265168
0.0  19.265911578265168
0.0  19.265911578265168
0.0  19.265911578265168
0.0  19.265911578265168
0.0  19.265911578265168
0.0  19.265911578265168
0.0  19.265911578265168


Seleccion Ruleta. NUM_ITER: 27
0.0  19.265911578265168
0.0  19.6016416787554
0.0  19.265911578265168
0.0  19.265911578265168
0.0  19.265911578265168
0.0  19.265911578265168
0.0  19.265911578265168
0.0  19.265911578265168
0.0  19.265911578265168
0.0  19.6016416787554
0.0  19.265911578265168
0.0  19.265911578265168
0.0  19.265911578265168
0.0  19.265911578265168
0.0  19.265911578265168
0.0  19.6016416787554
0.0  19.6016416787554
0.0  19.265911578265168
0.0  19.265911578265168
0.0  19.265911578265168
0.0  19.265911578265168
0.0  19.265911578265168
0.0  19.265911578265168
0.0  19.265911578265168
0.0  19.265911578265168
0.0  19.265911578265168
0.0  19.265911578265168
0.0  19.265911578265168
0.0  19.265911578265168
0.0  19.265911578265168


Seleccion Ruleta. NUM_ITER: 28
0.0  19.429557667350597
0.0  20.799759780890383
0.0  19.429557667350597
0.0  19.429557667350597
0.0  19.429557667350597
0.0  19.429557667350597
0.0  19.429557667350597
0.0  19.429557667350597
0.0  19.429557667350597
0.0  19.429557667350597
0.0  19.429557667350597
0.0  19.429557667350597
0.0  19.429557667350597
0.0  19.429557667350597
0.0  19.429557667350597
0.0  19.429557667350597
0.0  19.429557667350597
0.0  19.429557667350597
0.0  19.429557667350597
0.0  19.429557667350597
0.0  19.429557667350597
0.0  19.429557667350597
0.0  19.429557667350597
0.0  19.429557667350597
0.0  19.429557667350597
0.0  19.429557667350597
0.0  19.429557667350597
0.0  19.429557667350597
0.0  19.429557667350597
0.0  19.429557667350597


Seleccion Ruleta. NUM_ITER: 29
0.0  19.362023803402955
0.0  19.362023803402955
0.0  19.362023803402955
0.0  19.362023803402955
0.0  19.362023803402955
0.0  19.362023803402955
0.0  19.362023803402955
0.0  19.362023803402955
0.0  19.362023803402955
0.0  19.362023803402955
0.0  19.362023803402955
0.0  19.362023803402955
0.0  19.362023803402955
0.0  19.362023803402955
0.0  19.362023803402955
0.0  19.362023803402955
0.0  19.362023803402955
0.0  19.362023803402955
0.0  19.362023803402955
0.0  19.362023803402955
0.0  19.362023803402955
0.0  19.362023803402955
0.0  19.362023803402955
0.0  19.362023803402955
0.0  19.362023803402955
0.0  19.362023803402955
0.0  19.362023803402955
0.0  19.362023803402955
0.0  19.362023803402955
0.0  19.362023803402955


Seleccion Ruleta. NUM_ITER: 30
0.0  11.494167834250053
0.0  11.494167834250053
0.0  11.494167834250053
0.0  11.494167834250053
0.0  11.494167834250053
0.0  11.494167834250053
0.0  11.494167834250053
0.0  11.494167834250053
0.0  11.494167834250053
0.0  11.494167834250053
0.0  11.494167834250053
0.0  11.494167834250053
0.0  11.494167834250053
0.0  11.494167834250053
0.0  11.494167834250053
0.0  11.494167834250053
0.0  11.494167834250053
0.0  11.494167834250053
0.0  11.494167834250053
0.0  11.494167834250053
0.0  11.494167834250053
0.0  11.494167834250053
0.0  11.494167834250053
0.0  11.494167834250053
0.0  11.494167834250053
0.0  11.494167834250053
0.0  11.494167834250053
0.0  11.494167834250053
0.0  11.494167834250053
0.0  11.494167834250053


Seleccion Ruleta. NUM_ITER: 31
0.0  20.8943532358781
0.0  20.8943532358781
0.0  20.8943532358781
0.0  20.8943532358781
0.0  20.8943532358781
0.0  20.8943532358781
0.0  20.8943532358781
0.0  20.8943532358781
0.0  20.8943532358781
0.0  20.8943532358781
0.0  20.8943532358781
0.0  20.8943532358781
0.0  20.8943532358781
0.0  20.8943532358781
0.0  20.8943532358781
0.0  20.8943532358781
0.0  20.8943532358781
0.0  20.8943532358781
0.0  20.8943532358781
0.0  20.8943532358781
0.0  20.8943532358781
0.0  20.8943532358781
0.0  20.8943532358781
0.0  20.8943532358781
0.0  20.8943532358781
0.0  20.8943532358781
0.0  20.8943532358781
0.0  20.8943532358781
0.0  20.8943532358781
0.0  20.8943532358781


Seleccion Ruleta. NUM_ITER: 32
0.0  16.646575276544404
0.0  16.646575276544404
0.0  16.646575276544404
0.0  16.646575276544404
0.0  16.646575276544404
0.0  16.646575276544404
0.0  16.646575276544404
0.0  16.646575276544404
0.0  16.646575276544404
0.0  16.646575276544404
0.0  16.646575276544404
0.0  16.646575276544404
0.0  16.646575276544404
0.0  16.646575276544404
0.0  16.646575276544404
0.0  16.646575276544404
0.0  16.646575276544404
0.0  16.646575276544404
0.0  16.646575276544404
0.0  16.646575276544404
0.0  16.646575276544404
0.0  16.646575276544404
0.0  16.646575276544404
0.0  16.646575276544404
0.0  16.646575276544404
0.0  16.646575276544404
0.0  16.646575276544404
0.0  16.646575276544404
0.0  16.646575276544404
0.0  16.646575276544404


Seleccion Ruleta. NUM_ITER: 33
0.0  16.646575276544404
0.0  16.646575276544404
0.0  16.646575276544404
0.0  16.646575276544404
0.0  16.646575276544404
0.0  16.646575276544404
0.0  16.646575276544404
0.0  16.646575276544404
0.0  16.646575276544404
0.0  16.646575276544404
0.0  16.646575276544404
0.0  16.646575276544404
0.0  16.646575276544404
0.0  16.646575276544404
0.0  16.646575276544404
0.0  16.646575276544404
0.0  16.646575276544404
0.0  16.646575276544404
0.0  16.646575276544404
0.0  16.646575276544404
0.0  16.646575276544404
0.0  16.646575276544404
0.0  16.646575276544404
0.0  16.646575276544404
0.0  16.646575276544404
0.0  16.646575276544404
0.0  16.646575276544404
0.0  16.646575276544404
0.0  16.646575276544404
0.0  16.646575276544404


Seleccion Ruleta. NUM_ITER: 34
0.0  27.612574466249672
0.0  27.612574466249672
0.0  27.612574466249672
0.0  27.612574466249672
0.0  27.612574466249672
0.0  27.612574466249672
0.0  27.612574466249672
0.0  27.612574466249672
0.0  27.612574466249672
0.0  27.612574466249672
0.0  27.612574466249672
0.0  27.612574466249672
0.0  27.612574466249672
0.0  27.612574466249672
0.0  27.612574466249672
0.0  27.612574466249672
0.0  27.612574466249672
0.0  27.612574466249672
0.0  27.612574466249672
0.0  27.612574466249672
0.0  27.612574466249672
0.0  27.612574466249672
0.0  27.612574466249672
0.0  27.612574466249672
0.0  27.612574466249672
0.0  27.612574466249672
0.0  27.612574466249672
0.0  27.612574466249672
0.0  27.612574466249672
0.0  27.612574466249672


Seleccion Ruleta. NUM_ITER: 35
0.0  17.869547838256068
0.0  17.869547838256068
0.0  17.869547838256068
0.0  17.869547838256068
0.0  17.869547838256068
0.0  17.869547838256068
0.0  17.869547838256068
0.0  17.869547838256068
0.0  17.869547838256068
0.0  17.869547838256068
0.0  17.869547838256068
0.0  17.869547838256068
0.0  17.869547838256068
0.0  17.869547838256068
0.0  17.869547838256068
0.0  17.869547838256068
0.0  17.869547838256068
0.0  17.869547838256068
0.0  17.869547838256068
0.0  17.869547838256068
0.0  17.869547838256068
0.0  17.869547838256068
0.0  17.869547838256068
0.0  17.869547838256068
0.0  17.869547838256068
0.0  17.869547838256068
0.0  17.869547838256068
0.0  17.869547838256068
0.0  17.869547838256068
0.0  17.869547838256068


Seleccion Ruleta. NUM_ITER: 36
0.0  15.822593953940736
0.0  15.822593953940736
0.0  15.822593953940736
0.0  15.822593953940736
0.0  15.822593953940736
0.0  15.822593953940736
0.0  15.822593953940736
0.0  15.822593953940736
0.0  15.822593953940736
0.0  15.822593953940736
0.0  15.822593953940736
0.0  15.822593953940736
0.0  15.822593953940736
0.0  15.822593953940736
0.0  15.822593953940736
0.0  15.822593953940736
0.0  15.822593953940736
0.0  15.822593953940736
0.0  15.822593953940736
0.0  15.822593953940736
0.0  15.822593953940736
0.0  15.822593953940736
0.0  15.822593953940736
0.0  15.822593953940736
0.0  15.822593953940736
0.0  15.822593953940736
0.0  15.822593953940736
0.0  15.822593953940736
0.0  15.822593953940736
0.0  15.822593953940736


Seleccion Ruleta. NUM_ITER: 37
0.0  19.273402371019927
0.0  19.273402371019927
0.0  19.273402371019927
0.0  19.273402371019927
0.0  19.273402371019927
0.0  19.273402371019927
0.0  19.273402371019927
0.0  19.273402371019927
0.0  19.273402371019927
0.0  19.273402371019927
0.0  19.273402371019927
0.0  19.273402371019927
0.0  19.273402371019927
0.0  19.273402371019927
0.0  19.273402371019927
0.0  19.273402371019927
0.0  19.273402371019927
0.0  19.273402371019927
0.0  19.273402371019927
0.0  19.273402371019927
0.0  19.273402371019927
0.0  19.273402371019927
0.0  19.273402371019927
0.0  19.273402371019927
0.0  19.273402371019927
0.0  19.273402371019927
0.0  19.273402371019927
0.0  19.273402371019927
0.0  19.273402371019927
0.0  19.273402371019927


Seleccion Ruleta. NUM_ITER: 38
0.0  12.747460768595978
0.0  12.747460768595978
0.0  12.747460768595978
0.0  12.747460768595978
0.0  12.747460768595978
0.0  12.747460768595978
0.0  12.747460768595978
0.0  12.747460768595978
0.0  12.747460768595978
0.0  12.747460768595978
0.0  12.747460768595978
0.0  12.747460768595978
0.0  12.747460768595978
0.0  12.747460768595978
0.0  12.747460768595978
0.0  12.747460768595978
0.0  12.747460768595978
0.0  12.747460768595978
0.0  12.747460768595978
0.0  12.747460768595978
0.0  12.747460768595978
0.0  12.747460768595978
0.0  12.747460768595978
0.0  12.747460768595978
0.0  12.747460768595978
0.0  12.747460768595978
0.0  12.747460768595978
0.0  12.747460768595978
0.0  12.747460768595978
0.0  12.747460768595978


Seleccion Ruleta. NUM_ITER: 39
0.0  14.006249438072363
0.0  14.006249438072363
0.0  14.006249438072363
0.0  14.006249438072363
0.0  14.006249438072363
0.0  14.006249438072363
0.0  14.006249438072363
0.0  14.006249438072363
0.0  14.006249438072363
0.0  14.006249438072363
0.0  14.006249438072363
0.0  14.006249438072363
0.0  14.006249438072363
0.0  14.006249438072363
0.0  14.006249438072363
0.0  14.006249438072363
0.0  14.006249438072363
0.0  14.006249438072363
0.0  14.006249438072363
0.0  14.006249438072363
0.0  14.006249438072363
0.0  14.006249438072363
0.0  14.006249438072363
0.0  14.006249438072363
0.0  14.006249438072363
0.0  14.006249438072363
0.0  14.006249438072363
0.0  14.006249438072363
0.0  14.006249438072363
0.0  14.006249438072363


Seleccion Ruleta. NUM_ITER: 40
0.0  14.000776126330717
0.0  14.000776126330717
0.0  14.000776126330717
0.0  14.000776126330717
0.0  14.000776126330717
0.0  14.000776126330717
0.0  14.000776126330717
0.0  14.000776126330717
0.0  14.000776126330717
0.0  14.000776126330717
0.0  14.000776126330717
0.0  14.000776126330717
0.0  14.000776126330717
0.0  14.000776126330717
0.0  14.000776126330717
0.0  14.000776126330717
0.0  14.000776126330717
0.0  14.000776126330717
0.0  14.000776126330717
0.0  14.000776126330717
0.0  14.000776126330717
0.0  14.000776126330717
0.0  14.000776126330717
0.0  14.000776126330717
0.0  14.000776126330717
0.0  14.000776126330717
0.0  14.000776126330717
0.0  14.000776126330717
0.0  14.000776126330717
0.0  14.000776126330717


Seleccion Ruleta. NUM_ITER: 41
0.0  14.622101937503537
0.0  14.622101937503537
0.0  14.622101937503537
0.0  14.622101937503537
0.0  14.622101937503537
0.0  14.622101937503537
0.0  14.622101937503537
0.0  14.622101937503537
0.0  14.622101937503537
0.0  14.622101937503537
0.0  14.622101937503537
0.0  14.622101937503537
0.0  14.622101937503537
0.0  14.622101937503537
0.0  14.622101937503537
0.0  14.622101937503537
0.0  14.622101937503537
0.0  14.622101937503537
0.0  14.622101937503537
0.0  14.622101937503537
0.0  14.622101937503537
0.0  14.622101937503537
0.0  14.622101937503537
0.0  14.622101937503537
0.0  14.622101937503537
0.0  14.622101937503537
0.0  14.622101937503537
0.0  14.622101937503537
0.0  14.622101937503537
0.0  14.622101937503537


Seleccion Ruleta. NUM_ITER: 42
0.0  14.622101937503537
0.0  14.622101937503537
0.0  14.622101937503537
0.0  14.622101937503537
0.0  14.622101937503537
0.0  14.622101937503537
0.0  14.622101937503537
0.0  14.622101937503537
0.0  14.622101937503537
0.0  14.622101937503537
0.0  14.622101937503537
0.0  14.622101937503537
0.0  14.622101937503537
0.0  14.622101937503537
0.0  14.622101937503537
0.0  14.622101937503537
0.0  14.622101937503537
0.0  14.622101937503537
0.0  14.622101937503537
0.0  14.622101937503537
0.0  14.622101937503537
0.0  14.622101937503537
0.0  14.622101937503537
0.0  14.622101937503537
0.0  14.622101937503537
0.0  14.622101937503537
0.0  14.622101937503537
0.0  14.622101937503537
0.0  14.622101937503537
0.0  14.622101937503537


Seleccion Ruleta. NUM_ITER: 43
0.0  27.2966184833298
0.0  27.2966184833298
0.0  27.2966184833298
0.0  27.2966184833298
0.0  27.2966184833298
0.0  27.2966184833298
0.0  27.2966184833298
0.0  27.2966184833298
0.0  27.2966184833298
0.0  27.2966184833298
0.0  27.2966184833298
0.0  27.2966184833298
0.0  27.2966184833298
0.0  27.2966184833298
0.0  27.2966184833298
0.0  27.2966184833298
0.0  27.2966184833298
0.0  27.2966184833298
0.0  27.2966184833298
0.0  27.2966184833298
0.0  27.2966184833298
0.0  27.2966184833298
0.0  27.2966184833298
0.0  27.2966184833298
0.0  27.2966184833298
0.0  27.2966184833298
0.0  27.2966184833298
0.0  27.2966184833298
0.0  27.2966184833298
0.0  27.2966184833298


Seleccion Ruleta. NUM_ITER: 44
0.0  21.750188242484146
0.0  21.750188242484146
0.0  21.750188242484146
0.0  21.750188242484146
0.0  21.750188242484146
0.0  21.750188242484146
0.0  21.750188242484146
0.0  21.750188242484146
0.0  21.750188242484146
0.0  21.750188242484146
0.0  21.750188242484146
0.0  21.750188242484146
0.0  21.750188242484146
0.0  21.750188242484146
0.0  21.750188242484146
0.0  21.750188242484146
0.0  21.750188242484146
0.0  21.750188242484146
0.0  21.750188242484146
0.0  21.750188242484146
0.0  21.750188242484146
0.0  21.750188242484146
0.0  21.750188242484146
0.0  21.750188242484146
0.0  21.750188242484146
0.0  21.750188242484146
0.0  21.750188242484146
0.0  21.750188242484146
0.0  21.750188242484146
0.0  21.750188242484146


Seleccion Ruleta. NUM_ITER: 45
0.0  21.750188242484146
0.0  21.750188242484146
0.0  21.750188242484146
0.0  21.750188242484146
0.0  21.750188242484146
0.0  21.750188242484146
0.0  21.750188242484146
0.0  21.750188242484146
0.0  21.750188242484146
0.0  21.750188242484146
0.0  21.750188242484146
0.0  21.750188242484146
0.0  21.750188242484146
0.0  21.750188242484146
0.0  21.750188242484146
0.0  21.750188242484146
0.0  21.750188242484146
0.0  21.750188242484146
0.0  21.750188242484146
0.0  21.750188242484146
0.0  21.750188242484146
0.0  21.750188242484146
0.0  21.750188242484146
0.0  21.750188242484146
0.0  21.750188242484146
0.0  21.750188242484146
0.0  21.750188242484146
0.0  21.750188242484146
0.0  21.750188242484146
0.0  21.750188242484146


Seleccion Ruleta. NUM_ITER: 46
0.0  18.25043145752887
0.0  22.104754790488606
0.0  18.25043145752887
0.0  18.25043145752887
0.0  18.25043145752887
0.0  18.25043145752887
0.0  18.25043145752887
0.0  18.25043145752887
0.0  18.25043145752887
0.0  18.25043145752887
0.0  18.25043145752887
0.0  18.25043145752887
0.0  18.25043145752887
0.0  18.25043145752887
0.0  18.25043145752887
0.0  18.25043145752887
0.0  18.25043145752887
0.0  18.25043145752887
0.0  18.25043145752887
0.0  18.25043145752887
0.0  18.25043145752887
0.0  18.25043145752887
0.0  18.25043145752887
0.0  18.25043145752887
0.0  18.25043145752887
0.0  18.25043145752887
0.0  18.25043145752887
0.0  18.25043145752887
0.0  18.25043145752887
0.0  18.25043145752887


Seleccion Ruleta. NUM_ITER: 47
0.0  28.042723879976656
0.0  28.042723879976656
0.0  28.042723879976656
0.0  28.042723879976656
0.0  28.042723879976656
0.0  28.042723879976656
0.0  28.042723879976656
0.0  28.042723879976656
0.0  28.042723879976656
0.0  28.042723879976656
0.0  28.042723879976656
0.0  28.042723879976656
0.0  28.042723879976656
0.0  28.042723879976656
0.0  28.042723879976656
0.0  28.042723879976656
0.0  28.042723879976656
0.0  28.042723879976656
0.0  28.042723879976656
0.0  28.042723879976656
0.0  28.042723879976656
0.0  28.042723879976656
0.0  28.042723879976656
0.0  28.042723879976656
0.0  28.042723879976656
0.0  28.042723879976656
0.0  28.042723879976656
0.0  28.042723879976656
0.0  28.042723879976656
0.0  28.042723879976656


Seleccion Ruleta. NUM_ITER: 48
0.0  28.042723879976656
0.0  28.042723879976656
0.0  28.042723879976656
0.0  28.042723879976656
0.0  28.042723879976656
0.0  28.042723879976656
0.0  28.042723879976656
0.0  28.042723879976656
0.0  28.042723879976656
0.0  28.042723879976656
0.0  28.042723879976656
0.0  28.042723879976656
0.0  28.042723879976656
0.0  28.042723879976656
0.0  28.042723879976656
0.0  28.042723879976656
0.0  28.042723879976656
0.0  28.042723879976656
0.0  28.042723879976656
0.0  28.042723879976656
0.0  28.042723879976656
0.0  28.042723879976656
0.0  28.042723879976656
0.0  28.042723879976656
0.0  28.042723879976656
0.0  28.042723879976656
0.0  28.042723879976656
0.0  28.042723879976656
0.0  28.042723879976656
0.0  28.042723879976656


Seleccion Ruleta. NUM_ITER: 49
0.0  11.159812242933247
0.0  11.159812242933247
0.0  11.159812242933247
0.0  11.159812242933247
0.0  11.159812242933247
0.0  11.159812242933247
0.0  11.159812242933247
0.0  11.159812242933247
0.0  11.159812242933247
0.0  11.159812242933247
0.0  11.159812242933247
0.0  11.159812242933247
0.0  11.159812242933247
0.0  11.159812242933247
0.0  11.159812242933247
0.0  11.159812242933247
0.0  11.159812242933247
0.0  11.159812242933247
0.0  11.159812242933247
0.0  11.159812242933247
0.0  11.159812242933247
0.0  11.159812242933247
0.0  11.159812242933247
0.0  11.159812242933247
0.0  11.159812242933247
0.0  11.159812242933247
0.0  11.159812242933247
0.0  11.159812242933247
0.0  11.159812242933247
0.0  11.159812242933247


